34757522

34757531

34757532

34757533

34757534

34757537

34757538

34757549

43389683

72415470

51842669

72415471

34757608

34757652

51842670

34757659


34757680

43389686

34757738

34757739

34757743

34757744

34760061

34760180


34757745

34757747

75428907

51842674

34760188


34757966

34757967

34757968

34757969

34757970

34757971

34757972

34758027

34758030

34758081

34758144

43389695

34758159

34758160

34760066

34758161

34760199

34760121

34760122

34758166

43389696

34758168

34758169

34758170

72415493

34760206


34758356

72415496

34758357

34758361

34758385

34758387

34758412

34758446

34758447

34758448

34758449

34758450

34758451

34758454

34758456

34758457

34758458

34758459

34758460

34758461

34758462

34758463

34758464

34758465

34758467

34758468

34758469

34758470

34758471

34758472

34758473

34758474

34758476

34758477

34758478

34758479

34758480

34758481

34758482

34758483

34758484

34758485

34758486

34758487

34758488

34758489

34758490

34758491

34758492

34758493

34758494

34760211

34760072

34758508

34760074

72415502

34758559

34758577

43389716

43389717

34758660

34758717

43389722

34758980

43389724

34759063

34760139

34759076

34759078


43389727

34760082

34759141

72415514

34760240

34759144

34759150

34759151

34759152

34759174

43389729

34759211


34759401


72415526

72415475

RF00059
34760255

51842689

34760257

72415536

72415537

34759588

43389736

72415539

34759655

43389740

34759827

34759828

34759829

34759830

72415540

34759832

34759833

34759834

75428917

43389744

72415545

34759914

72415546

34760162

34759915

34759916

34759917

34759918

34759919

72415547

72415548

34759920

34759930

34759932

34759933

72415476

34760163

34759935

51842692

72415549

72415550

34759937

34759938

34759939

34759940

34759941

34759942

34759943

43389748

34759945

34759947

43389749

34760111

34759979

